20
28
5  1  1  1  1  1  1  1  1  1  1  1  1  1  1  1  1  1  1  1  1  1  1  1  1  1  1  8
4  7  7  7  7 11 11  7  7  7  7  7  7  7  7  7  7  7  7  7  7  7 11 11 11 11 11  3
4  7  7  7  7  7  7  7  7  7  7  7  7  7  7  7  7  7  7  7  7  7  7  7  7  7 11  3
4  7  7  7  7  7  7  7  7  7  7  7  7  7  7  7  7  7  7  7  7  7  7  7  7  7 11  3
4 11  7  7  7  7  7  7  7  7  7  7  7  7  7  7  7  7  7 12  7  7  7  7  7  7 11  3
4 11 11 11  7  7  7  7  7  7  7  7  7  7  7  7  7  7  7 12 12  7  7  7  7  7 11  3
4 11 11 11  7  7  7  7  7  7 12  7  7  7  7  7  7  7  7  7  7  7  7  7  7  7  7  3
4 11  7  7  7  7  7  7  7  7 12  7  7  7  7  7  7  7  7  7  7  7  7  7  7  7  7  3
4 11  7  7  7  7  7  7  7  7 12  7  7 12  7  7  7  7  7  7  7  7  7  7  7  7  7  3
4 11  7  7  7  7  7  7  7 12  7  7 12 12  7  7  7  7  7  7  7  7  7  7  7  7  7  3
4 11  7  7  7  7  7  7  7 12  7  7 12  7  7  7  7  7  7 12 12  7  7  7  7  7  7  3
4  7  7  7  7  7  7  7 12  7  7 12 12  7  7  7  7  7 12 12  7  7  7  7  7  7  7  3
4  7  7  7  7  7  7  7  7  7 12 12  7  7  7  7  7  7 12 12  7  7  7  7  7  7  7  3
4  7  7  7  7  7  7  7  7 12 12  7  7  7  7  7  7  7 12 12  7  7  7  7  7  7 11  3
4  7  7  7  7  7  7  7  7  7 12  7  7  7  7  7  7  7  7 12  7  7  7  7  7  7 11  3
4  7  7  7  7  7  7  7  7  7 12 12  7  7  7  7  7  7  7  7  7  7  7  7  7 11 11  3
4  7  7  7  7  7  7  7  7  7  7 11 12  7  7  7  7  7  7  7  7  7  7 11 11 11 11  3
4  7  7  7  7  7  7  7  7  7  7 11 12  7  7  7  7  7  7  7  7  7 11 11 11 11 11  3
4  7  7 11 11 11 11 11  7  7  7  7  7  7  7  7  7  7  7  7  7  7 11 11 11 11 11  3
10 2  2  2  2  2  2  2  2  2  2  2  2  2  2  2  2  2  2  2  2  2  2  2  2  2  2  9